0.3442553755195876
0.5066098082676203
0.60073206503903
0.19679480612411349
0.6592946645071249
0.5884788248586748
0.17280409521622675
0.1502019880541441
0.560163362913425
0.5815433222189468
0.5727543969628437
0.29334039234731457
0.3038877173136084
0.20303153660066164
0.6772251754964663
0.11733910897038757
0.06467865681020257
0.592236585164482
0.6036283506352664
0.24620607623633606
0.10958609632450134
0.33257757439390245
0.5455560702147615
0.5353072567539408
0.1257925415933212
0.4297346425899655
0.46795925584333564
0.6721409842428261
0.24656437340375859
0.6749032585166702
0.037822648524822755
0.6235115191298338
0.01982911359025319
0.15278276485312947
0.29951212002059246
0.24882246996315027
0.5559663300049664
0.07803409984779286
0.568077513288749
0.4730354588743215
0.6382600971493072
0.13999058506821194
0.17147330227579727
0.5947811820799078
0.05710180488241934
-0.04035273376939408
0.6155106869733102
0.5124113115431195
0.13710458133552805
0.448596150709347
0.03047471185141215
0.15020597182591167
0.2190708817978151
0.3081725696120151
0.5123772304930014
0.5729876559935976
0.013207198767500983
0.010629973477277455
0.6056496247087002
0.23988240357883728
0.2053443176084655
0.6026836121674305
0.10039675040517637
0.6586508095156309
0.5318332969452694
0.2082140010241409
0.025252146461865133
0.5544182463777239
0.20896195796712702
0.5080647881547816
0.5375042621556944
0.7076014508496816
0.23964869426058066
0.6360301889192086
0.6268658524618091
0.09817574171548515
0.532895455326081
0.25601007546309784
0.3246467199669848
0.4788413799098369
0.7449388394898175
0.22942080388907593
0.014816626841916758
0.641076127870629
0.2799093637120895
0.27835633854815633
0.0881848945362117
0.2709127651095934
0.11212838141884085
0.23395133632862386
0.18328317487805545
0.29184912860052203
0.14954785894062606
0.6129088002229592
0.7327002349972587
0.4716344218286178
0.20049297283317236
0.5686427685055658
0.21403543161676752
0.6047488567027158
0.07663658164084186
0.22184928568465534
0.12571464113647923
0.08471938616511687
0.2900132449444711
0.4788365017078354
0.19001165523823527
0.6225682677057449
0.5433504456652276
0.5382806094676562
0.1743568922291323
0.20208305566233653
0.11800522194680851
0.5690500289599363
0.5693905358136357
0.451214800546512
0.630515971574537
0.5744573428618385
-0.02024202525112151
0.5872720088028356
0.5322142923853197
0.2116322844470938
0.5619448815959242
0.518905807798855
0.5155415883339758
0.03626634227959091
0.6695228192894338
0.1712220861256194
0.518285429408802
0.4347057129615618
0.5694321058989802
0.09198807589202118
0.5894783886010866
0.4710002333374136
0.2566216691188167
0.7195604908723696
0.5249703343750299
0.1785042596314116
0.26919480851133104
0.6289721594370061
0.46706889788558437
0.5215124261251719
0.0419741754167553
0.09337835923148663
0.5311114991899892
0.1498015231036578
0.1663309145953693
0.6119231332347836
0.16980367970275723
0.6258813969610029
0.02603957929534817
0.5037264138789044
0.479452308118131
0.4159457313195264
0.14989198658350633
0.6546299937019324
0.17914270257821507
0.6129945789547697
0.6087817857999946
0.23106166007951445
0.0031877837555998045
0.08306850375271468
0.5885044882745798
0.655025220694703
0.6113372399317873
0.5362527926465859
0.6744447396394261
0.5439318977092298
0.2929304092866565
0.246286768530536
0.6616722757784356
0.6124191352396972
0.19807350506875676
0.12064638132593053
0.5578095323421317
0.43386963508952414
0.4997505442557518
0.134717853389275
0.20317822780078432
0.702150108682601
0.17658841200629627
0.5577928686585893
0.22960040630207812
0.607994048569776
0.03240701131118029
0.6669834664162684
0.13399848574577078
0.2278791885314313
0.47737562971751024
0.25519054669192376
0.5396637065356058
0.0018085474654551126
0.21618534655105193
0.4932494436128524
0.2742825726396638
0.6173652876046398
0.17533607717838917
0.34048329469433003
0.05793846433092387
0.5537767755667025
0.634813242319423
0.14374500765361142
0.2874066978504414
0.6369653497155559
0.16115172315240645
0.09663153294043603
0.19644015272944682
0.5741643480040811
0.10059520829217083
0.6423519283719719
0.686326846849322
0.45299918385286253
0.6835212441238903
0.21544427743385097
0.22550851453637466
0.05326957756967832
0.20548782877019145
0.23107311650678353
0.061522800662167754
0.18316849617366593
0.3988426716771304
0.4380895070026478
0.6011505465763621
0.2567451461136838
0.5067242770040102
0.06441944323339077
0.31687844708854396
0.1937205160542974
0.24573302298011002
0.6323062665553314
0.7302621296795553
0.11320140544425716
0.6347705760873066
0.13386437716293342
0.6800391629601726
0.7798453075167868
0.6702069022044093
0.695287401880833
0.2792338958172008
0.5214826665303742
0.2424951858090859
0.47536837492740036
0.19149743817796117
0.6209285496653447
0.1896535712680366
0.5214208537749241
0.06648968984703207
0.16968586923755224
0.031341982099995724
0.5941247236730252
0.3948029711268868
0.46224646664680236
0.04412158088604057
0.1355106217415929
0.5679022445963905
0.6811709446537633
0.5310099535840479
0.5601047317830028
0.53184545621233
0.5474818988178607
0.5791488449028537
0.161405682677076
0.11031907729525925
0.501376492834585
0.7192892234781676
0.574256342803745
0.5681841915227757
0.5588113912425581
0.10358052609625057
0.22429369415452494
0.6751279237556694
0.7095831295942788
0.03393541328182326
0.17176788503373686
0.19920695261538723
0.13397196459348604
0.6770349479248724
0.36686976496180057
0.6924236426625996
0.17780595520866282
0.23376296450327416
0.19785072153313932
0.26224444938806313
0.13104955397146356
0.16715562524165206
0.5255875724146684
0.6244992216448468
0.5584104903455586
0.11001440008823105
0.19137827365749782
0.19760545897061665
0.2993544022728605
0.6041932967816129
0.15089533703623792
0.11501044461643539
0.6283900523343255
0.5444356875910304
0.5957586338302465
0.6563058084845294
0.29423746398038675
0.48367444719510944
0.15455587347717914
0.2684252489990653
0.23068550351103712
0.4736265624282664
0.7227776498666758
0.04770446066368317
0.526912177318799
0.2252205596581347
0.21423983437072713
0.5373904481355027
0.19751911411148482
0.21084535815480876
0.57826810565851
0.26366754930876357
0.2777216914473287
0.05801509007705463
0.2491007105387958
0.5738153498892986
0.1499287203682509
0.20819339543150706
0.2709490797874533
0.5378275442496306
0.028440819569104825
0.2052862697784994
0.1752781731583336
0.43206337133510897
0.3072457038361268
0.6326907149390575
0.2943503147974541
0.07941365680270218
0.034991989612639385
0.1464171320050035
0.14714649629167798
0.6149410742489201
0.6216843193691706
0.5683634005326279
0.6614402525069059
0.3059658278732783
0.16991949570538556
0.2198549859216834
0.5303663596972015
0.1110975441751978
0.17338389586249114
0.1859298954830093
-0.0010538598408726951
0.19200098129987264
0.5850326147495006
0.23777025572045718
0.5886562104114876
0.4535947323501931
0.644788828539314
0.6385074913022908
0.1825485167807519
0.623186752720458
0.5646696046524722
0.40526250550377274
0.13379268660132027
0.3244415462160024
0.6199333507833076
0.1411771309063361
0.17438579654198405
0.07036182760781529
0.14229831233429657
0.6174936572783705
0.2338280082635792
0.5045281374622239
0.11538399576730407
0.5520303421787491
0.6139361940609696
0.6114247499530989
0.16847343800719827
0.4684787404596501
0.12593100267712665
0.5921872385248792
0.6416033702255581
0.6609662526889787
0.23271766722651532
0.11406575524993734
0.12661716738283213
0.17117181448461916
0.1685408389097316
0.5266527509604907
0.18322740889974143
0.4714087435744635
0.5001891606839801
0.5337381960138585
0.5719163664120203
0.3529159534131613
0.04729427237794137
0.16914256673092587
0.5870165110600903
0.10216720756225095
0.0789804279305758
0.2654541503711534
0.48395333392822193
0.16148722320840725
0.5013434908852967
0.19287360677732301
0.6710215070517382
0.18639572770183732
0.4472387989885481
0.5673876270251028
0.24633055533488213
0.2856603816510578
0.09560079341248984
0.0759813948678485
0.5138516213123367
0.027785196325946893
0.11432447611952556
0.6975470009292657
0.5284147649212095
0.15554615460273458
0.6513213884685689
0.2923552238720696
-0.0025843463629688923
0.4755932879858603
0.5695179447362455
0.5674616822912306
0.6507705333377959
0.4943081347034036
0.2550582074324028
0.4778452320466986
0.23035877958886375
0.5618088166672126
0.2449640483604303
0.10547062542486563
0.5711161905826154
0.541586261409399
0.5320657808980223
-0.018812945336474263
0.26728761615442487
0.10933515039328745
0.06047382711412519
0.14199453907248216
0.2534652138110606
0.43878968069663615
0.16773040882774493
0.5008517116215871
0.25399332173872413
0.0902436198874973
0.25260757311654525
0.544158072179449
0.1873076534395155
0.3586288159948958
0.670535484428078
0.6080063393965565
0.576135444105148
0.20760042495181574
0.47425142972870116
0.19057732298415297
0.14109320490314592
0.5846008854722964
0.7431796301090865
0.36772617904736005
0.27479362767490345
0.20781106163583496
0.22804049213852307
0.18028079828996268
0.5840896880220248
0.5830338687579899
0.1744994256325748
0.18595143640878498
0.15749237740159872
-0.02020117284642775
0.6485850528037596
0.6873294233306284
0.19614765502158749
0.1927825820540171
0.22296046924450486
0.5780774610454524
0.5944984174410824
0.23250189862467463
0.006374999597558717
0.5356424763438158
0.19912815403507556
0.1548164342961087
0.15607866047620367
0.6384864430827561
0.15667141296261444
0.6167763203030081
0.6088217474128756
0.17595925810765578
0.16049912192377658
0.29768865522884913
0.6407643886605242
0.47051498941388725
0.03191607896019677
0.05608915705150486
0.5384782674215578
0.5716880279468359
0.6203211243639046
0.17631369694374832
0.18503723715198117
0.6042886854162588
0.10954231703921113
0.2506731501179864
0.03834106040162344
0.15109321566665712
0.6321124788382384
0.5620528166921559
0.6478764019479436
0.0998831844558783
0.10576250072244653
0.5084641966027763
0.5943087370325417
0.15380140383268937
0.25025668046322214
-0.035972059076527785
0.6307875097454587
0.5585571727006629
0.09730672314242739
0.30038594460980506
0.595526123745806
0.513958902596422
0.21641586317343586
0.5707903891701971
0.27062410250882185
0.22409279923421732
0.22858557256597245
0.4403662895575641
0.3071927074553218
0.2539483765399785
0.19846351228685633
0.4930351175333131
0.5306302233452618
0.5911890665199724
0.2643983603452529
0.6727428946018873
0.5807470857038832
0.5717838382095102
0.6283490556789386
0.7340351610897327
0.22838669931981748
0.5424238835456334
0.17682652940985477
0.12537896654818836
0.6612919759341414
0.6414977868238826
0.07576523551488501
0.5599950181376778
0.6284116501901087
0.18871412420689992
0.5609828818682439
0.5792281754511266
0.4975740258561313
0.20902522886801644
0.5805476503065337
0.32156073852960876
0.2220978809215457
0.6571586045478317
0.6941048462207082
0.5543133785078849
0.06348524158442659
0.6231185459851304
0.46609325513599276
0.20545308327985268
0.1808217728868945
0.45202092657478044
0.5086832639583535
0.6250611213075233
0.4037597201142167
0.6475261613147332
0.5916079390918125
0.18622119820211314
0.6618809547270958
0.14900231682452403
0.1568841663126863
0.5458739143264444
0.5542809037855758
0.5888446337597342
0.21168708028665517
0.5909289620466355
0.5363819864840755
0.6469285825081708
0.7309827281268331
0.5118643799020541
0.5325447257767515
0.1144029721192501
0.5769053066441432
0.6733927748244548
0.06643707373717456
0.5104722361204364
0.4576394473592683
0.45372947147097453
0.5347106604487712
0.4292602129360469
0.6379840510171033
0.46135371097125244
0.6309763539579698
0.5435786431623966
0.6500683620437693
0.3496914227404765
0.5178765584069144
0.239898574985134
0.6508561459097824
0.5638025492021483
0.1776855306130597
0.18638273847583053
0.5527143632152751
0.2195232535024919
0.688242868968053
0.6990260895107566
0.43459796180926813
0.01870950435035601
0.5239728077951222
0.5595541702547885
0.7606188480451075
0.529598982921708
0.6052287115505677
0.21473536156512152
0.2850020570915589
0.6296899854957627
0.6294426299632883
0.2877369590129072
0.5106157265130032
0.2326035403256771
0.5818401520404957
0.5231335608559833
0.6273646313038247
0.30294471642101617
0.3858675368747704
0.591881203381642
0.5319052457964857
0.281257097579414
0.2193789921516689
0.5161742448141274
0.6113827489621936
0.3045525222682769
0.1971295881147297
0.20532226463717018
0.743398307419741
0.40028187524609793
0.2488390172135868
0.533718036999318
0.1489735359613351
0.15794854633060051
0.5804849715196696
0.1789807506274934
0.6384480114391253
0.026216848128750248
0.5042160384648295
0.16460326585958784
0.5922404492809115
0.08827935054566094
0.5843520914514477
0.12630926952870958
0.5665680146362848
0.19269953374824078
0.5045618026280172
0.5715454316144932
0.46819874690743835
0.29250755995123856
0.6326212776521478
0.3278812600798483
0.4154588518089021
0.0933155858669128
0.07148881654302874
0.5833635590867207
0.5638947805436905
0.15009898633901453
0.6866216061861584
0.14255164076550808
0.17267589938808248
0.5774520031473569
0.5464412305145909
0.5397889709381383
0.5204528573624008
0.5553993711917746
0.3327843972796384
0.02017038152535977
0.6723309028119793
0.5735578441926991
0.07549589839170145
0.6122050788616288
0.13406229608264286
0.0984755799887781
0.17864584729677402
0.6835970911336007
0.4137977567994868
0.4715653465103232
0.49542169856065443
0.4788804956786814
0.23350497663132797
0.7047543003443876
0.6068468241857996
0.4567005015475968
0.2763094730439202
0.16750209662600335
0.27905565371255003
0.13591595994309125
0.3925793797263837
0.6004765458072918
0.4113661845986165
0.6421440010770534
0.6123071267047349
0.6084902515520446
0.027218106680820475
0.6062121913309523
0.3094226597892098
0.6090970188615425
0.38488867265217286
0.4941450463497502
0.5323968832766084
0.11699960172161927
0.14867005460753702
0.13643622388804078
0.445947822932803
0.22826233163634646
0.6501705434971266
0.3070522399640476
0.5925561399380431
0.1994304291834732
0.5839374396666843
0.7981449327162241
0.1464530381901209
0.5786883669364076
0.06526706657514125
0.28202190666354776
0.006652739758219672
0.5762189147586594
0.6023923644374619
0.11799059671998191
0.479983166019316
0.6489823627509839
0.19714987732089484
0.578867378423376
0.6586821003234224
0.47724921173375334
0.4907121168836054
0.6192981559483868
0.5193205612176085
0.09432045667086086
0.6345037352730883
0.6168386107077544
0.17409223105654692
0.4462819459869485
0.13157327160321486
0.5283667522701293
0.16977340582594747
0.23935190955409624
0.6100112656965221
0.283148661224226
0.05045717725203058
0.19980569955183014
0.5278602737407794
0.5182584859167207
0.18725350031239874
0.2401832634716372
0.2602146857447385
0.568033320249304
0.17427078994440603
0.6250208147503371
0.01587395699485139
0.2972935467282597
0.06302311928065218
0.6807961899197681
0.15228854346176324
0.18102529597126948
0.629143367904816
-0.020702495581372382
0.5410877465598924
0.502782777443693
0.007267395214601624
0.49711729019342477
0.4748690916631605
0.2760651479416014
0.12226004423590908
0.5250470758702175
0.15695978734054228
0.47930794515954056
0.0962903440944457
0.10960337075975057
0.500100285230439
0.137506440672732
0.07078946564212041
0.6097825991875536
0.11698612140869757
0.1158738197524859
0.5106885413384529
0.210092916836629
0.583842430300709
0.39546638803944933
0.5657546445053832
0.06352968005440496
0.6365507078407281
0.4189253810488147
0.5908398648771707
0.04368005678538289
0.22034136738766041
0.6500151901540963
0.6655452706849605
0.2976699781447011
0.6185039942407861
0.2042976035994991
0.18471902485660951
0.008244239840960121
0.11974863562931937
0.4528557785040478
0.22790757660977057
0.6328920392074289
0.3094408617437141
0.6120523461520581
0.6796792193324153
0.645597514917332
0.3383427077048795
0.49484358416175245
0.16865423864723994
0.7365485247642836
0.6043337507685621
0.2870894865465534
0.6177557802252798
0.40430297035922225
0.5330438418425545
0.5390206964755818
0.06835456987715327
0.166071398680823
0.1943971293370126
0.12222197943396451
0.4945020302890101
0.10313996537055303
0.44718624864613066
0.19911449965872952
0.2617419116998241
0.6888039145203719
0.2798748649104186
0.4054614803505696
0.020991700798918655
0.16298861501118345
0.2720151053223433
0.6007369763894942
0.7541459240991009
0.19473290990605685
0.1850869641413313
0.5601087601103422
0.584379459089578
0.23015823286635784
0.2808848535239935
0.18081165378605357
0.1457270601640872
0.05892962270927904
0.27335296678096566
0.6813261201278143
0.15701534716933985
0.185968064977875
0.07511828268770915
0.5575843415163773
0.20761717925881362
0.40783067352983604
0.2493312575333313
0.5649057502329589
0.6230105921688442
-0.0008477226902521284
0.7176516689614488
0.2103655275720584
0.6216694354015521
0.2527972609346315
0.17631071567470835
0.2636390816719505
0.22301060615792212
0.166702917727645
0.31484623429519154
0.6041073594321094
0.14511359288653103
0.5238595292289265
0.5776821163067455
0.5492969211185954
0.33818932403775026
0.11395560358672319
0.07974371042535167
0.7250775252585095
0.17621638286298769
0.6098444268290302
0.25684821263426316
0.3507487832700069
0.6145196308652972
0.4118034444869991
0.03549678969425285
0.13491800948029853
0.3336650904482089
0.6585033828617393
0.6390651215651453
0.18599801412109196
0.3998560252911476
0.24816061739975004
0.07888937287624087
0.10216335537576726
0.30761078542478515
0.09610363628462315
0.5097003053162377
0.2631746669998488
0.5964284347939066
0.2781238328241431
0.5522776044976432
0.5867133776158697
0.5073517611772078
0.3820935147060801
0.09668302063219258
0.5861260107107114
0.6027587059768169
0.2501296705100897
0.11898170772089367
0.28774406726671764
0.254823604637772
0.37898728993778297
0.5328075705449857
0.2250512549670457
0.6020123875074623
0.8018800722855312
0.5095146542048277
0.5798752759513777
0.5355921807715223
0.21209461825594123
0.3673775612025675
0.47305604199847184
0.20528772648179905
0.55919650244416
0.6492974896957859
0.6307868420883173
0.027643131791886377
0.2666801406296665
0.033715245697151675
0.20926222315288523
0.1636583860116051
0.0759933235487752
0.530569526408498
0.7027609307898974
0.11619311669749421
0.6710632110779117
0.647008611264235
0.17903501604309513
0.22925876453576188
0.5628912682867702
0.08082803460780963
0.562505193911296
0.07338127741028311
0.34241839278381714
0.5651994919041696
0.08359166709580967
0.1871510787810955
0.0908632841064343
0.07787138404579164
0.6707710981501989
0.6686259319929839
0.16565627583786025
0.22499606212492207
0.536584320078802
0.5701584197284293
0.6224418545947316
0.12305700636689043
0.48627771112724805
0.411204952029426
0.03614799576981742
0.18218138895077163
0.2313397329373874
0.0770025609321533
0.08375314358307306
0.5723535354762365
0.15219313878384555
0.5023837715580696
0.13683692392361868
0.5971186776159358
0.1007507289380527
0.5118487031825505
0.5787715375912474
0.2773635690051729
0.6396346371314318
0.14743276406795713
0.21262359345442905
0.11992530519869216
-0.017116772224348598
-0.04120849568624818
0.45250040731416585
0.1732908612064047
0.6085333724399496
0.056462430897815774
0.1293651782554054
0.24120415615558932
0.24091680467558474
0.2798409316030803
0.2985424960392917
0.16792601443904187
0.5487787501484587
0.6500069448569956
0.5528938653043832
0.17408304101596483
0.0036539348486046563
0.5482995716306548
0.5117203017933316
0.586130704104798
0.06679414476927348
0.5713959146094976
0.11534524321134931
0.16714832607326802
0.16628427561293047
0.04829277416502131
0.12291142312953318
0.21737268557465472
0.08684216141367651
0.04915738593421681
0.15062105551500504
0.21205771616208635
0.21061483623451271
0.7615075285106088
0.5753221425466957
0.18606013145087918
0.6887503338566837
0.500390421537245
0.5911802477471393
0.6598981127439693
0.4464751227292054
0.6725154830435213
0.2806767274075803
0.305020885177956
0.5866586883826482
0.6285336851723298
0.5106245888918006
0.07504861979599298
0.11411215573306377
0.11519635063586142
0.010135673363256381
0.7988507802125631
0.20071942787307695
0.16475625326554466
0.2758660992196661
0.5315990580400192
0.1847699815810785
0.5958001605007922
0.4455878258398197
0.6620035608627279
0.23335209802596713
0.5129626411753598
0.24566453878228633
0.21575034757383538
0.15060911122342646
0.5724008456954452
0.5550466691911282
0.09296090076438224
0.5694558204263732
0.5824670541932446
0.6120590898011269
0.5716807456975301
0.5252482865455976
0.4633471408695088
0.6567862630607129
0.13258653674814314
0.41259816370654523
0.397561450643109
0.05242238719162662
0.18030195501269164
0.07189544999714736
0.0700306370707412
0.23992026626550922
0.07850209831222832
0.026438533942185316
0.22156186183105664
0.17391390581236055
0.5107575145180363
0.10641146456396344
0.27373067415841934
0.49796627933726234
0.49888804141738496
0.5661227145270689
0.6020594565484869
0.6695460430565703
0.15534939221467792
0.13578948378139744
0.17267164468811236
0.6153935421785288
0.09345291158565128
0.06294175332883811
0.23290883314559496
0.14514445161059575
0.22266430818466365
0.13112580785736372
0.2835180136758346
0.6170143937845874
0.2748681217802681
0.5646694561400105
0.6471526690732446
0.5292492605454686
0.0711247604701003
0.6199460253851451
0.4372836487054619
0.6563264169406042
0.12151146158712589
0.11542911934937172
0.29493748534661435
0.5918187741889614
0.21844954588735843
-0.020482016648719625
0.5184359200432807
0.18637284157117973
0.4972337346611032
0.18220368876074866
0.5485462789411202
0.2147311339175958
0.23949536203144495
0.06457453332103269
0.5091715499317557
0.30956339166782443
0.6863473384491999
0.132008759481814
-0.05588689839973027
0.21604204367290203
0.47026048557350686
0.24840035964913576
0.4505820414737991
0.08946598361672764
0.019765646534911308
0.7185784889753773
0.5934471056724897
0.509864566094498
0.5244845077123017
0.18536116291677285
0.6462784957203356
0.6570597797744768
0.507885908376296
0.45349076062538285
0.1277145981641904
0.7366069445829629
0.08246623788311558
0.5818141117149042
0.2375216543874461
0.4744978387553189
0.6208704407808334
0.4253454814921841
0.227908329189919
0.49331225253913835
0.560056924235389
0.6470454906527431
0.6622641724744429
0.6047095713770319
0.14166952247671882
0.12726816685146125
0.48886536060680474
0.5675648502626649
0.6924448546762965
0.56701277808439
0.5421401042749768
0.5510912224678026
0.23828392158724565
0.15969544542762393
0.6892742222054681
-0.007764164525536854
0.19143029174098813
0.527237590041282
0.5062601335399379
0.15924590677725492
0.6303238306214891
0.13772849361442352
0.49521598024801483
0.40924770250588294
0.12266034035272211
0.5222567306541712
0.17945692509324185
0.6932218021202906
0.18923330392614535
0.7643544918675236
0.26893446377631547
0.5381717498244529
0.2797333366494993
0.3107650473735497
0.727551627354449
0.5801997495998876
0.3164633749785234
0.1967359821368463
0.5418725830815188
0.6101833104512173
0.30351129426802237
0.4723416882102919
0.3180813211347754
0.613522191588102
0.0940751343641052
0.6776767754759062
0.5260573026521778
0.08806769094521683
0.3922940572850716
0.11930405243396958
0.5517479981980211
0.42864219197060693
0.10276504981217505
0.29649303491220935
-0.0011417753712730239
0.16936903394388214
0.6394324503287787
0.32021666106065716
0.469609082684215
0.23671517165731348
0.09518649757052389
0.0906228307557384
0.20957184110737082
0.19690566161248468
0.5223476155587683
0.007754802352016865
0.6121902390900027
0.1822283356067237
0.5747016852789519
0.7112627733794239
0.5260754437892534
0.2125243807546393
0.46937349101149906
0.4926222984285291
0.16494455373742545
0.15628138713717854
0.7343813933471912
0.6360660001948673
0.21518104280858186
0.6771294661469058
0.4383734793693347
0.23266872694488472
0.22550676561353922
0.16375004419724382
0.5431850609655794
0.20597326093086799
0.13919380915704394
0.6515125656720248
0.5822360855192064
0.2284497484063508
0.19355608432158922
0.5802839714886362
0.21881050913536348
0.5905984970934417
0.5652849272304401
0.10449088731512612
0.500792494966441
0.5143728543830779
0.08985623706074275
0.6135897644416695
0.05145506335441474
0.32196691399302546
0.1765804755500836
0.12771180576417307
0.6934526791737914
0.14386785776067257
0.6355288860157788
0.1293532889843696
0.12802090332415494
0.06876278000472613
0.6094537893553826
0.5553293498987887
0.036141949700260745
0.4200050271139676
0.24968592162968217
0.6166752186728468
0.1795304047829689
0.5664941756204708
0.14520282299097098
0.09121508870535311
0.19904896654571502
0.2765055165355478
0.5436377839964289
0.24201131802459364
0.2181187260778925
0.5938335997619534
0.5283624028652474
0.06796435250297495
0.5783228211056769
0.22919812153664343
0.14493379056320255
0.3377413460626558
0.4478653791744862
0.0520117350551047
0.13219956008083822
